3.51234e-05	2079
3.51234e-05	2195
3.51234e-05	2269
3.51234e-05	2457
3.51234e-05	2470
3.51234e-05	2569
3.51234e-05	2596
3.61857e-05	911
3.61857e-05	918
3.61857e-05	1096
3.61857e-05	1119
3.61857e-05	1145
3.61857e-05	1206
3.61857e-05	1386
3.61857e-05	1466
3.61857e-05	1560
3.61857e-05	1581
3.61857e-05	1834
3.71429e-05	2842
3.71429e-05	3031
3.71429e-05	3071
3.71429e-05	3183
3.71429e-05	3230
3.81247e-05	2442
3.82791e-05	1262
3.83003e-05	1276
3.86769e-05	358
3.86769e-05	447
3.86769e-05	550
3.94437e-05	585
3.94437e-05	602
3.94437e-05	607
3.94437e-05	608
3.94437e-05	613
3.94437e-05	624
3.94437e-05	638
3.94437e-05	668
3.94437e-05	674
3.95825e-05	1755
3.96902e-05	1176
4.0612e-05	1395
4.06455e-05	692
4.06455e-05	801
4.07435e-05	1690
4.0748e-05	1967
4.1231e-05	3451
4.1231e-05	3453
4.1231e-05	3570
4.1231e-05	3650
4.1231e-05	3709
4.1231e-05	3729
4.1231e-05	3748
4.1231e-05	3798
4.1231e-05	3820
4.1231e-05	3853
4.1231e-05	3856
4.1231e-05	3935
4.1231e-05	3974
4.13703e-05	3006
4.15963e-05	1430
4.16952e-05	1233
4.18966e-05	1969
4.22419e-05	3282
4.27547e-05	1558
4.29112e-05	3134
4.29911e-05	3408
4.29942e-05	3125
4.30521e-05	1651
4.32127e-05	1065
4.41484e-05	11
4.41484e-05	12
4.41484e-05	15
4.41484e-05	18
4.41484e-05	37
4.41484e-05	43
4.41484e-05	74
4.41484e-05	114
4.41484e-05	209
4.41484e-05	210
4.41484e-05	215
4.41484e-05	287
4.41484e-05	292
4.41484e-05	335
4.49357e-05	875
4.49357e-05	883
4.49357e-05	891
4.49357e-05	892
4.51593e-05	2798
4.54318e-05	2722
4.63741e-05	1362
4.68914e-05	1854
4.70543e-05	2382
4.70543e-05	2541
4.7325e-05	2860
4.73364e-05	2380
4.74254e-05	648
4.74467e-05	1270
4.74886e-05	1856
4.76161e-05	1034
4.78802e-05	1417
4.80077e-05	656
4.80973e-05	2998
4.8546e-05	945
4.88527e-05	1326
4.89302e-05	750
4.90246e-05	3704
4.91722e-05	2704
4.91722e-05	2740
4.9205e-05	744
4.94266e-05	3413
4.94804e-05	2714
4.95499e-05	3375
4.9589e-05	571
4.96505e-05	2814
4.96813e-05	1022
4.99037e-05	2855
4.99563e-05	2963
4.99599e-05	448
5.01118e-05	3959
5.0399e-05	3688
5.05114e-05	860
5.06404e-05	2493
5.07033e-05	1394
5.10535e-05	2219
5.12902e-05	3942
5.13612e-05	2857
5.14805e-05	2952
5.14912e-05	234
5.15016e-05	1510
5.19536e-05	153
5.19964e-05	1775
5.22714e-05	841
5.25274e-05	3589
5.27993e-05	3732
5.30828e-05	2524
5.31991e-05	1147
5.32386e-05	699
5.32703e-05	183
5.33304e-05	3854
5.33304e-05	3879
5.36968e-05	1346
5.39204e-05	652
5.39204e-05	673
5.41015e-05	1239
5.45092e-05	3928
5.48016e-05	1762
5.48082e-05	2788
5.4993e-05	1498
5.50247e-05	316
5.54402e-05	379
5.55034e-05	3143
5.56047e-05	854
5.56839e-05	1031
5.56857e-05	1263
5.56921e-05	2178
5.57502e-05	1713
5.57976e-05	1353
5.62603e-05	1151
5.65303e-05	1383
5.66321e-05	1224
5.68616e-05	1463
5.68898e-05	3922
5.69554e-05	2971
5.70803e-05	3984
5.70803e-05	4008
5.70803e-05	4010
5.70803e-05	4015
5.70803e-05	4022
5.70803e-05	4024
5.70803e-05	4035
5.7193e-05	2252
5.72552e-05	660
5.74685e-05	1546
5.75232e-05	899
5.76425e-05	3467
5.76622e-05	305
5.76942e-05	1521
5.77584e-05	3808
5.77695e-05	3597
5.77971e-05	2230
5.78316e-05	3575
5.80052e-05	2975
5.80873e-05	160
5.81086e-05	377
5.81507e-05	2517
5.83128e-05	2980
5.83431e-05	1777
5.84823e-05	610
5.8497e-05	1038
5.85514e-05	3689
5.85566e-05	3807
5.8565e-05	2692
5.85834e-05	279
5.86263e-05	671
5.86763e-05	1455
5.88111e-05	3955
5.88622e-05	207
5.88726e-05	530
5.88744e-05	3875
5.89545e-05	2922
5.91468e-05	443
5.91468e-05	468
5.92365e-05	3582
5.92928e-05	371
5.93842e-05	1414
5.94816e-05	1354
5.95573e-05	2808
5.95769e-05	3044
5.96708e-05	996
5.98808e-05	2545
5.9883e-05	2175
5.9886e-05	1760
5.99603e-05	3436
6.03436e-05	2177
6.04762e-05	1579
6.04857e-05	2481
6.05455e-05	1252
6.05464e-05	138
6.06261e-05	267
6.08647e-05	216
6.09993e-05	35
6.10655e-05	3094
6.10973e-05	2568
6.11072e-05	785
6.12431e-05	1474
6.12588e-05	1200
6.12642e-05	3175
6.14678e-05	3686
6.15973e-05	164
6.16012e-05	2182
6.1673e-05	667
6.17337e-05	1937
6.17834e-05	401
6.1789e-05	3305
6.18355e-05	1855
6.20668e-05	749
6.20668e-05	775
6.21074e-05	336
6.21965e-05	2580
6.22347e-05	1476
6.22981e-05	1157
6.23051e-05	3429
6.23836e-05	851
6.24024e-05	365
6.25304e-05	935
6.26491e-05	3765
6.26522e-05	1874
6.27744e-05	2505
6.28035e-05	2599
6.28218e-05	3885
6.30175e-05	1924
6.30253e-05	2736
6.3069e-05	2441
6.30819e-05	1797
6.3212e-05	125
6.33518e-05	3370
6.34448e-05	191
6.35414e-05	1220
6.39391e-05	70
6.40401e-05	3270
6.44842e-05	3816
6.45318e-05	2454
6.45487e-05	3268
6.45487e-05	3407
6.45606e-05	1401
6.45707e-05	3217
6.45935e-05	2358
6.47426e-05	593
6.48134e-05	562
6.48485e-05	859
6.49322e-05	2013
6.51524e-05	743
6.51764e-05	2256
6.52499e-05	390
6.54044e-05	2522
6.54061e-05	3227
6.56439e-05	1411
6.57447e-05	154
6.57525e-05	3323
6.59236e-05	998
6.59597e-05	294
6.60208e-05	3978
6.61391e-05	485
6.63052e-05	1506
6.63589e-05	1711
6.64891e-05	3865
6.65141e-05	2262
6.68434e-05	1442
6.68531e-05	3059
6.69582e-05	3161
6.69926e-05	288
6.71711e-05	47
6.71808e-05	1996
6.71808e-05	2565
6.72423e-05	2452
6.73106e-05	3235
6.73366e-05	1301
6.75324e-05	1103
6.75462e-05	2884
6.7648e-05	1693
6.76785e-05	2811
6.77879e-05	1697
6.78635e-05	1168
6.79329e-05	2584
6.80813e-05	3560
6.80813e-05	3691
6.80813e-05	3717
6.80813e-05	3744
6.8136e-05	1071
6.8136e-05	1253
6.83839e-05	228
6.84295e-05	52
6.84295e-05	205
6.85362e-05	581
6.85362e-05	642
6.86936e-05	383
6.87064e-05	2899
6.87343e-05	2066
6.87612e-05	1792
6.89241e-05	76
6.90186e-05	1295
6.91045e-05	2852
6.92166e-05	1865
6.92453e-05	2168
6.94703e-05	286
6.95166e-05	3882
6.95762e-05	2388
6.96767e-05	3588
6.99603e-05	3494
6.9963e-05	3333
6.99992e-05	349
7.01453e-05	385
7.01477e-05	1264
7.03425e-05	247
7.043e-05	2014
7.04407e-05	1887
7.05693e-05	499
7.05809e-05	2015
7.05991e-05	649
7.06631e-05	1133
7.06728e-05	1710
7.07554e-05	3811
7.07727e-05	240
7.08503e-05	2305
7.08795e-05	2514
7.09698e-05	3317
7.13343e-05	1759
7.1368e-05	1058
7.14026e-05	2651
7.15225e-05	241
7.15225e-05	255
7.15979e-05	2383
7.16158e-05	3746
7.16158e-05	3846
7.16349e-05	3202
7.17274e-05	907
7.17649e-05	1084
7.19289e-05	1974
7.19417e-05	2008
7.20233e-05	790
7.22352e-05	1490
7.22592e-05	904
7.24383e-05	2752
7.24585e-05	1631
7.24967e-05	929
7.2712e-05	3619
7.27323e-05	3121
7.27354e-05	1372
7.27717e-05	3699
7.28458e-05	3310
7.28954e-05	2483
7.28954e-05	2595
7.29556e-05	454
7.2965e-05	3795
7.31242e-05	3733
7.33832e-05	832
7.34727e-05	2422
7.36886e-05	2605
7.38983e-05	356
7.39558e-05	2695
7.41703e-05	2431
7.43068e-05	3910
7.44653e-05	3965
7.45e-05	2613
7.45084e-05	90
7.45084e-05	145
7.45645e-05	3030
7.45926e-05	3092
7.47152e-05	250
7.47366e-05	1461
7.47581e-05	1027
7.47581e-05	1627
7.48549e-05	704
7.49848e-05	120
7.50014e-05	1700
7.51757e-05	2021
7.51799e-05	2804
7.52907e-05	735
7.53012e-05	1057
7.53385e-05	721
7.53469e-05	2572
7.5404e-05	586
7.54109e-05	3673
7.54434e-05	3432
7.56485e-05	1654
7.57079e-05	2019
7.57619e-05	1046
7.57619e-05	1586
7.59215e-05	406
7.59355e-05	1977
7.59605e-05	3159
7.60769e-05	2885
7.6167e-05	411
7.6188e-05	987
7.62233e-05	3197
7.63094e-05	321
7.63871e-05	3801
7.64033e-05	2802
7.64563e-05	2205
7.6499e-05	1439
7.65329e-05	1952
7.66364e-05	655
7.6676e-05	3165
7.66771e-05	33
7.66771e-05	42
7.66771e-05	233
7.66771e-05	244
7.66771e-05	256
7.66771e-05	282
7.66836e-05	34
7.67867e-05	1208
7.69605e-05	3565
7.71405e-05	1486
7.72531e-05	2427
7.73304e-05	2208
7.7492e-05	985
7.75558e-05	788
7.76865e-05	3424
7.77695e-05	4034
7.78401e-05	3953
7.78641e-05	1093
7.79107e-05	3781
7.79107e-05	3946
7.81438e-05	1664
7.81917e-05	2044
7.82392e-05	206
7.82831e-05	2838
7.82831e-05	3003
7.82987e-05	2185
7.83848e-05	3805
7.84387e-05	1008
7.86643e-05	3457
7.87265e-05	384
7.87265e-05	552
7.87969e-05	1950
7.88078e-05	1248
7.88275e-05	3389
7.89491e-05	2166
7.89764e-05	270
7.92141e-05	540
7.92358e-05	1771
7.92644e-05	235
7.92701e-05	3890
7.93235e-05	1552
7.93827e-05	533
7.97004e-05	2496
7.99164e-05	2100
8.00671e-05	3897
8.01517e-05	937
8.03004e-05	2048
8.03633e-05	3428
8.03808e-05	1731
8.05263e-05	3388
8.05304e-05	3983
8.06138e-05	2312
8.06144e-05	472
8.06149e-05	2204
8.06703e-05	2227
8.0694e-05	2527
8.07266e-05	1949
8.07742e-05	3334
8.07926e-05	1607
8.08824e-05	972
8.08831e-05	3367
8.1019e-05	63
8.12765e-05	2298
8.13849e-05	1162
8.13944e-05	2634
8.14573e-05	301
8.16278e-05	2375
8.16661e-05	386
8.17556e-05	1069
8.20634e-05	3678
8.20636e-05	2080
8.20651e-05	910
8.20651e-05	1657
8.20651e-05	1776
8.21381e-05	2895
8.2157e-05	27
8.22297e-05	2898
8.2381e-05	2942
8.24476e-05	61
8.25486e-05	3088
8.25784e-05	2746
8.25894e-05	3839
8.28379e-05	1063
8.29038e-05	3112
8.30186e-05	865
8.30186e-05	868
8.30796e-05	2413
8.33105e-05	920
8.33275e-05	2767
8.33407e-05	1297
8.336e-05	112
8.336e-05	293
8.34017e-05	1140
8.34295e-05	1364
8.35552e-05	2635
8.37842e-05	4006
8.37842e-05	4032
8.38045e-05	1143
8.3915e-05	1443
8.39165e-05	2632
8.41124e-05	1342
8.41824e-05	71
8.42181e-05	2265
8.43203e-05	1853
8.43925e-05	3537
8.45439e-05	3015
8.45811e-05	2288
8.46921e-05	2790
8.47117e-05	2270
8.47543e-05	2295
8.4863e-05	3418
8.4865e-05	3290
8.48709e-05	3552
8.48734e-05	2621
8.50028e-05	1670
8.50316e-05	923
8.50362e-05	2303
8.51492e-05	2249
8.53124e-05	190
8.53519e-05	202
8.53589e-05	3977
8.5417e-05	700
8.54253e-05	926
8.54322e-05	1194
8.54878e-05	1640
8.55151e-05	155
8.55293e-05	1602
8.55867e-05	2691
8.55867e-05	2792
8.55867e-05	3037
8.57104e-05	3936
8.57635e-05	2012
8.57901e-05	3694
8.59287e-05	2725
8.59429e-05	2961
8.60385e-05	3281
8.61222e-05	480
8.61412e-05	2065
8.61435e-05	3653
8.63208e-05	1701
8.63302e-05	3133
8.63883e-05	2400
8.64415e-05	2096
8.64906e-05	679
8.65284e-05	4028
8.67653e-05	1527
8.69097e-05	1838
8.70035e-05	2903
8.70515e-05	1484
8.72031e-05	2167
8.72085e-05	2106
8.72719e-05	3712
8.72924e-05	2350
8.73954e-05	629
8.74224e-05	1477
8.74279e-05	1913
8.74862e-05	2801
8.75746e-05	846
8.77364e-05	3939
8.7887e-05	1087
8.78892e-05	3952
8.79796e-05	2671
8.79796e-05	2721
8.79796e-05	2824
8.79796e-05	3091
8.79961e-05	1445
8.80552e-05	157
8.81146e-05	4036
8.8121e-05	340
8.82352e-05	3859
8.83365e-05	3315
8.84454e-05	283
8.84861e-05	289
8.86686e-05	1556
8.87931e-05	3398
8.88607e-05	2158
8.89107e-05	1203
8.89141e-05	3266
8.89284e-05	986
8.89587e-05	3970
8.89907e-05	2882
8.91623e-05	802
8.91851e-05	1154
8.91914e-05	534
8.94962e-05	2234
8.95032e-05	2878
8.95701e-05	81
8.95708e-05	467
8.95708e-05	572
8.95733e-05	3637
8.96535e-05	2251
8.97116e-05	1821
8.98687e-05	2816
8.98849e-05	478
9.00339e-05	3724
9.00979e-05	166
9.01488e-05	657
9.04463e-05	220
9.04463e-05	262
9.04643e-05	208
9.04843e-05	2900
9.05797e-05	587
9.07215e-05	3358
9.0956e-05	97
9.0956e-05	253
9.10753e-05	3893
9.1108e-05	1039
9.11767e-05	672
9.11988e-05	1023
9.12182e-05	541
9.12671e-05	3461
9.14445e-05	3755
9.14823e-05	621
9.15868e-05	3269
9.16864e-05	549
9.18054e-05	812
9.20282e-05	710
9.20855e-05	3352
9.21797e-05	3099
9.23987e-05	1501
9.24936e-05	761
9.25389e-05	3954
9.25916e-05	2917
9.26429e-05	1164
9.28512e-05	3834
9.30495e-05	1073
9.31656e-05	124
9.32886e-05	1814
9.32955e-05	338
9.33685e-05	1091
9.33798e-05	1254
9.33903e-05	2893
9.3407e-05	502
9.34461e-05	117
9.35739e-05	1094
9.36957e-05	1961
9.37704e-05	2766
9.38509e-05	1908
9.40316e-05	3603
9.4083e-05	3660
9.41172e-05	2678
9.42285e-05	928
9.43407e-05	491
9.4383e-05	229
9.44163e-05	2723
9.44201e-05	529
9.4451e-05	311
9.44551e-05	1244
9.4659e-05	893
9.46658e-05	449
9.48262e-05	2821
9.50061e-05	1817
9.51247e-05	464
9.51325e-05	950
9.5347e-05	2641
9.53771e-05	442
9.54822e-05	1769
9.55136e-05	1900
9.55439e-05	307
9.55679e-05	182
9.5633e-05	1002
9.5633e-05	1105
9.56857e-05	1007
9.5735e-05	3572
9.57725e-05	466
9.60856e-05	880
9.60996e-05	535
9.62429e-05	3925
9.63978e-05	2130
9.64382e-05	3661
9.65063e-05	1053
9.6507e-05	3308
9.65758e-05	2016
9.66036e-05	2476
9.6663e-05	3973
9.66677e-05	1599
9.66928e-05	2393
9.67426e-05	3489
9.67426e-05	3676
9.68064e-05	2263
9.69102e-05	2186
9.70515e-05	1708
9.70765e-05	1422
9.71141e-05	2769
9.73151e-05	1982
9.73989e-05	1892
9.74286e-05	3941
9.74574e-05	3045
9.74586e-05	3153
9.75145e-05	3544
9.75957e-05	1492
9.76279e-05	60
9.76325e-05	2528
9.76711e-05	2530
9.76964e-05	2067
9.78315e-05	1802
9.79449e-05	1116
9.80199e-05	974
9.80653e-05	1836
9.80816e-05	3254
9.81165e-05	2990
9.81642e-05	3477
9.82047e-05	1397
9.83612e-05	690
9.8465e-05	317
9.85626e-05	2099
9.85698e-05	2826
9.87358e-05	1830
9.87374e-05	717
9.87374e-05	852
9.87374e-05	855
9.88881e-05	3164
9.89111e-05	3292
9.90305e-05	3987
9.90305e-05	4001
9.90305e-05	4012
9.90305e-05	4029
9.90688e-05	821
9.90975e-05	2424
9.91556e-05	3349
9.92708e-05	2316
9.9368e-05	2437
9.93885e-05	2255
9.94029e-05	221
9.9427e-05	943
9.98356e-05	1748
9.9876e-05	435
9.99253e-05	1696
0.000100019	2258
0.0001002	2321
0.000100247	3414
0.000100266	77
0.000100374	163
0.000100384	2847
0.000100412	3600
0.000100506	1883
0.000100514	884
0.000100544	3058
0.000100576	405
0.000100642	2051
0.000100688	1933
0.00010069	3681
0.00010084	1930
0.000100871	2531
0.000100973	1594
0.00010102	3376
0.00010102	3401
0.000101047	757
0.000101105	2466
0.00010119	1061
0.000101357	2876
0.000101389	2105
0.000101526	3492
0.000101686	691
0.000101728	1013
0.000101754	2941
0.000101805	2747
0.000101808	2310
0.000102022	1905
0.000102101	2163
0.000102113	1805
0.000102165	2548
0.000102208	300
0.000102307	3843
0.000102368	1646
0.000102397	129
0.000102413	4033
0.000102434	3844
0.000102469	2544
0.000102485	152
0.000102701	877
0.000102903	914
0.000102919	433
0.000103054	2291
0.000103058	347
0.000103163	429
0.000103362	382
0.000103422	3151
0.000103468	808
0.000103538	2709
0.000103545	2710
0.000103548	1152
0.000103613	3992
0.000103647	900
0.00010365	2685
0.00010372	715
0.000103745	440
0.000103769	3444
0.000103769	3849
0.0001038	1196
0.000103803	2311
0.000103836	3336
0.00010407	663
0.000104097	3887
0.000104102	3271
0.000104217	869
0.000104326	3210
0.000104362	327
0.000104422	3024
0.000104441	2576
0.000104502	3190
0.00010455	3991
0.000104567	3914
0.000104587	1618
0.000104591	1268
0.000104687	1901
0.00010469	2794
0.000104766	1915
0.000104841	2688
0.00010487	3357
0.00010494	3130
0.000105008	3067
0.000105012	3606
0.000105044	3754
0.000105046	1042
0.000105069	890
0.000105072	1942
0.000105108	1934
0.000105157	3368
0.00010522	3934
0.000105314	2453
0.000105434	201
0.000105458	459
0.000105495	126
0.000105512	1658
0.000105536	1134
0.00010562	106
0.000105652	1005
0.000105663	3249
0.000105858	912
0.000105859	2744
0.000105873	2432
0.000105901	646
0.00010617	3445
0.000106302	1265
0.000106345	1193
0.000106397	3787
0.000106408	351
0.00010644	1562
0.000106638	1150
0.000106664	3899
0.000106697	3632
0.000106765	1050
0.000106781	3427
0.000106781	3338
0.000106861	521
0.000107018	3156
0.00010704	490
0.000107068	3666
0.00010707	3665
0.000107115	2727
0.000107121	2995
0.000107155	2017
0.000107158	1387
0.000107178	756
0.000107219	1869
0.00010729	3192
0.000107362	179
0.000107411	1385
0.000107552	3827
0.000107657	174
0.000107763	2834
0.000107852	569
0.000107947	2373
0.000107955	759
0.000108155	427
0.0001082	3908
0.000108236	1840
0.000108303	3742
0.000108775	46
0.00010881	3772
0.000108831	1481
0.000108865	1090
0.000109031	1518
0.000109341	2070
0.000109452	3916
0.000109473	2571
0.000109518	2707
0.000109526	4005
0.000109544	1780
0.000109597	344
0.000109739	3876
0.000109755	894
0.000109786	3607
0.000109821	2791
0.000109858	2147
0.000109885	3520
0.0001099	740
0.00011005	3163
0.00011008	2888
0.00011009	522
0.000110197	1249
0.000110205	2776
0.000110266	16
0.000110293	2360
0.00011033	1251
0.000110371	965
0.000110475	3543
0.000110491	2817
0.000110491	3147
0.000110789	733
0.000110905	2805
0.000110961	2519
0.000110989	2891
0.000111206	3093
0.000111324	54
0.000111343	3441
0.0001114	3958
0.000111458	2760
0.000111467	1517
0.000111514	2954
0.000111539	796
0.000111603	3940
0.000111605	10
0.000111614	905
0.000111648	375
0.00011173	2041
0.000111971	44
0.000111977	1896
0.000112054	3229
0.000112117	528
0.0001122	864
0.00011222	2245
0.000112243	3425
0.000112408	2837
0.000112438	1286
0.000112465	2456
0.00011248	1822
0.000112489	3194
0.000112743	2141
0.000112965	2968
0.000112986	269
0.000113151	3246
0.000113159	1749
0.000113409	931
0.000113558	639
0.000113577	3796
0.000113603	2094
0.000113687	568
0.000113772	3522
0.000113784	3788
0.000113894	1384
0.000113949	3631
0.0001143	3371
0.000114303	2362
0.000114303	3109
0.000114337	1928
0.000114648	1489
0.000114667	3548
0.000114685	791
0.000114771	826
0.00011488	3095
0.000114905	1434
0.000114969	3322
0.000114969	3126
0.000115027	3326
0.000115033	1089
0.000115093	2883
0.000115134	1178
0.000115141	2355
0.000115204	380
0.000115474	1756
0.000115527	2965
0.000115574	3848
0.000115604	940
0.000115797	2948
0.000115846	3961
0.000115922	3736
0.000116043	51
0.000116043	83
0.000116043	237
0.000116064	2050
0.000116076	1241
0.000116088	3447
0.000116089	2036
0.000116135	1739
0.000116148	1592
0.000116203	2449
0.000116368	1532
0.000116368	295
0.000116462	2515
0.000116463	3507
0.000116499	2443
0.000116525	2274
0.000116537	1575
0.000116614	69
0.000116635	3832
0.000116839	1077
0.000116859	825
0.000116951	3216
0.000116955	38
0.000117047	3871
0.000117066	3343
0.000117098	1764
0.000117264	3208
0.000117291	498
0.000117316	3048
0.000117334	3242
0.000117378	476
0.000117391	2092
0.000117418	3409
0.000117679	2193
0.000117729	2926
0.000117769	2162
0.000117772	2238
0.000117773	3244
0.000117798	1234
0.00011781	3777
0.000117894	676
0.000117906	2967
0.000117912	3652
0.000117989	1987
0.000117989	3654
0.000118044	477
0.000118046	64
0.000118046	189
0.000118117	1278
0.000118123	1055
0.000118217	3806
0.000118255	3904
0.000118545	1266
0.000118729	1544
0.000118749	2562
0.000118773	961
0.00011883	2389
0.000118967	381
0.000119409	3050
0.000119417	146
0.000119639	2113
0.000119691	1524
0.00011973	298
0.000119748	3069
0.000119751	1111
0.000119751	1240
0.000119779	3771
0.000119826	268
0.000119836	1678
0.000119865	410
0.000119879	751
0.000119914	3671
0.000120037	2957
0.000120066	2908
0.000120123	973
0.000120132	3245
0.000120187	574
0.000120217	3068
0.000120289	2981
0.000120401	3157
0.00012044	1829
0.00012046	1978
0.000120474	3144
0.000120526	1365
0.000120539	3745
0.000120582	3410
0.000120601	453
0.000120761	3749
0.000120799	1641
0.000120839	1852
0.000120945	3042
0.00012095	1745
0.000121003	96
0.000121031	3817
0.000121074	3286
0.000121165	2536
0.000121247	32
0.000121252	3770
0.0001213	3727
0.000121332	3963
0.000121391	318
0.000121508	3043
0.000121514	1016
0.000121514	1403
0.00012155	2114
0.000121563	3513
0.000121794	3009
0.000121847	3110
0.000121912	245
0.000121932	811
0.00012194	2490
0.000122027	1381
0.000122055	3669
0.000122055	3700
0.000122055	3813
0.000122055	3864
0.000122055	3911
0.000122104	4011
0.000122172	4037
0.00012219	2947
0.000122246	1458
0.000122269	2357
0.000122315	3767
0.000122383	3878
0.000122612	2034
0.000122674	1407
0.000122809	723
0.000122893	446
0.000123058	1890
0.000123155	922
0.000123159	3614
0.000123291	165
0.000123533	3405
0.000123636	631
0.000123649	3340
0.000123652	813
0.000123667	2277
0.000123712	86
0.000123805	634
0.000123982	3243
0.000124016	3063
0.000124024	2480
0.000124158	575
0.000124166	2705
0.000124195	2402
0.000124368	3373
0.000124471	3361
0.000124502	786
0.000124676	3430
0.000124793	2687
0.00012493	1956
0.000125129	3205
0.000125166	590
0.000125209	3901
0.000125252	102
0.000125433	3668
0.000125442	3167
0.000125482	151
0.000125491	2682
0.000125573	2119
0.000125681	628
0.000125706	3404
0.000125759	1186
0.000125804	836
0.000125869	3012
0.000125898	2923
0.000125958	3751
0.000126023	2503
0.000126085	3359
0.000126131	1161
0.00012614	2439
0.000126179	79
0.000126205	2820
0.000126276	3312
0.000126327	50
0.00012639	3880
0.000126394	3294
0.000126473	1141
0.000126504	3812
0.000126604	1784
0.000126648	1843
0.000126684	1044
0.000126689	3083
0.000126711	2272
0.000126716	3944
0.000126768	1572
0.000126801	2287
0.000126814	1418
0.00012682	2935
0.000126953	110
0.000126953	264
0.000127178	767
0.00012738	725
0.000127405	716
0.000127423	3039
0.000127507	762
0.000127638	217
0.000127704	1088
0.000127732	139
0.000127735	956
0.000127751	341
0.000127803	858
0.000127832	1519
0.000127898	2987
0.000127953	2822
0.000127957	689
0.00012807	3199
0.000128144	2057
0.000128172	970
0.000128177	2700
0.000128208	3189
0.000128209	1788
0.000128276	3723
0.000128393	2656
0.000128444	505
0.000128541	2387
0.000128582	2902
0.000128582	3372
0.000128613	2697
0.000128641	2726
0.000128733	193
0.000128738	3421
0.000128751	3626
0.000128761	413
0.000128782	2523
0.000128827	1400
0.000128858	2513
0.00012895	2529
0.000129039	3784
0.000129099	843
0.000129104	49
0.000129272	702
0.000129411	3061
0.000129478	3311
0.000129549	565
0.000129657	2818
0.000129659	2774
0.000129659	3055
0.000129659	3074
0.000129659	3127
0.000129678	1922
0.000129708	3512
0.000129826	1169
0.000129932	3289
0.000130067	3393
0.000130145	1526
0.000130146	1875
0.000130156	1870
0.000130433	3504
0.000130523	933
0.000130525	73
0.000130593	1223
0.000130778	3390
0.0001308	2435
0.000130891	979
0.000130922	2612
0.000131118	1294
0.000131177	1180
0.000131201	508
0.000131236	2136
0.00013127	3889
0.000131385	2055
0.000131425	426
0.000131476	2415
0.000131495	3515
0.000131546	2737
0.000131611	1564
0.000131693	1441
0.00013172	260
0.000131729	2859
0.000131762	1860
0.000131834	866
0.000131856	850
0.000131856	3583
0.000131859	45
0.000131908	1965
0.000132035	222
0.000132048	2239
0.000132117	2831
0.000132123	2606
0.000132171	470
0.000132199	2566
0.000132275	65
0.00013236	1247
0.000132367	3128
0.000132384	1885
0.00013239	2403
0.000132458	1293
0.000132481	816
0.000132543	2771
0.000132568	3155
0.000132582	1478
0.000132636	799
0.000132713	837
0.000132965	955
0.000132965	1368
0.000132975	1808
0.000132976	3380
0.000132979	3641
0.000133077	882
0.000133094	1389
0.000133182	1398
0.000133214	1832
0.000133474	3392
0.000133485	3502
0.000133606	393
0.000133712	2379
0.000133746	2137
0.000133783	3716
0.000133786	1992
0.000133913	3621
0.000133942	407
0.000134041	3328
0.000134114	798
0.00013422	991
0.000134325	3306
0.000134354	1202
0.00013442	2799
0.000134469	1704
0.000134572	3766
0.000134688	746
0.000134827	844
0.000135043	3173
0.000135044	2733
0.00013509	3222
0.000135198	2779
0.000135254	2886
0.000135351	3574
0.000135412	1412
0.000135434	2856
0.000135469	22
0.000135481	2110
0.000135508	3374
0.000135527	3262
0.000135644	1773
0.000135695	2455
0.000135702	3598
0.000135713	3659
0.000135855	2557
0.000135973	3193
0.000136001	416
0.000136018	2581
0.000136022	693
0.000136069	1801
0.000136225	3170
0.000136314	156
0.000136336	994
0.000136369	1537
0.000136465	1045
0.000136567	3503
0.00013657	1944
0.000136581	1723
0.000136695	2809
0.000136709	1095
0.000136822	886
0.000136889	3530
0.000136894	2450
0.000137035	959
0.000137069	3383
0.000137216	2609
0.000137332	1321
0.000137348	1907
0.000137381	3171
0.000137395	3888
0.000137399	3276
0.000137446	3307
0.000137499	3566
0.000137574	2759
0.000137581	2426
0.000137597	794
0.000137679	362
0.000137721	2735
0.000137732	3241
0.000137819	1218
0.000137843	168
0.000137852	1440
0.000137887	2082
0.000137978	2858
0.000138082	951
0.000138111	2221
0.000138313	2330
0.000138314	162
0.000138341	167
0.000138342	3763
0.000138345	976
0.000138408	2938
0.000138433	2964
0.000138447	3775
0.000138615	2301
0.00013863	536
0.000138641	919
0.000138894	2281
0.000138894	2487
0.000138915	939
0.000138922	2673
0.000139015	722
0.000139021	3923
0.000139092	2502
0.000139229	3996
0.000139292	2677
0.000139399	4003
0.000139413	765
0.000139462	2444
0.000139476	1081
0.000139515	425
0.000139524	1884
0.000139633	333
0.000139979	622
0.000139995	3840
0.000140041	2761
0.000140064	2248
0.000140092	3356
0.000140098	558
0.000140116	1451
0.000140168	2479
0.000140267	2825
0.000140276	588
0.000140471	682
0.000140474	2534
0.000140474	3329
0.00014055	2320
0.00014056	576
0.000140577	3209
0.000140586	2830
0.000140886	3484
0.00014089	1906
0.000140949	3556
0.000140992	626
0.000141048	131
0.000141049	1728
0.000141196	2696
0.000141218	135
0.000141218	309
0.000141236	2850
0.000141474	3622
0.00014158	2918
0.000141612	494
0.00014167	3814
0.000141715	1503
0.000141787	3103
0.000141888	1213
0.000141946	3658
0.000142036	873
0.000142036	887
0.000142097	3250
0.000142143	263
0.000142143	296
0.000142189	121
0.000142204	3402
0.000142264	2518
0.000142294	1308
0.0001423	3452
0.000142359	1033
0.000142367	3028
0.000142431	2029
0.000142458	314
0.000142531	2701
0.000142548	2025
0.000142564	1650
0.000142579	87
0.000142595	3007
0.000142715	3551
0.000142773	1846
0.000142812	3585
0.000142872	3630
0.00014292	372
0.000143062	2181
0.000143196	192
0.000143263	3237
0.000143277	352
0.000143289	290
0.000143497	1485
0.00014373	1779
0.000143757	3703
0.000143759	1734
0.000143764	909
0.00014381	1774
0.000143855	3236
0.000143886	3138
0.000143886	1633
0.000143965	3905
0.00014404	2314
0.000144123	2979
0.000144429	2732
0.000144429	2930
0.000144429	3131
0.000144429	3180
0.000144429	3181
0.000144467	100
0.000144533	2525
0.000144647	1030
0.000144692	2762
0.000144714	3539
0.00014497	3664
0.000144997	1625
0.000145014	2789
0.000145096	2076
0.000145112	2907
0.000145138	2075
0.000145229	75
0.000145287	1566
0.000145323	3929
0.000145353	176
0.000145361	2731
0.000145374	888
0.00014545	1195
0.000145458	2217
0.000145506	1316
0.000145512	495
0.00014553	2933
0.000145624	1438
0.000145631	509
0.000145852	2868
0.000145859	2058
0.000145897	2997
0.000145945	2667
0.000145961	462
0.000145984	1350
0.000146103	633
0.000146263	3769
0.000146266	403
0.000146341	1000
0.000146471	1676
0.000146495	1068
0.000146533	612
0.000146538	3818
0.000146556	3647
0.000146592	3300
0.000146674	6
0.000146674	147
0.000146696	3999
0.000146701	1698
0.00014672	2637
0.000146819	1424
0.000146829	2652
0.000146857	3013
0.000147044	1963
0.000147044	2977
0.000147053	2421
0.000147079	2984
0.000147127	95
0.000147188	2293
0.000147227	831
0.000147276	2155
0.000147289	763
0.00014741	2353
0.000147438	949
0.000147515	66
0.000147619	1092
0.000147665	1336
0.000147673	2390
0.000147947	1508
0.000148068	1062
0.000148069	3762
0.000148075	1464
0.000148285	2953
0.000148386	1363
0.00014855	2209
0.000148638	246
0.000148678	3122
0.000148678	3218
0.000148678	3354
0.000148949	2699
0.000148988	1851
0.000149003	3778
0.000149148	730
0.000149203	1989
0.000149285	1043
0.000149304	2797
0.000149365	737
0.000149399	1635
0.000149451	969
0.000149573	105
0.000149634	2807
0.000149702	1738
0.000150185	93
0.000150222	474
0.000150327	1542
0.000150371	1460
0.000150373	3715
0.00015038	3857
0.00015041	3057
0.000150435	399
0.000150435	441
0.000150435	501
0.000150494	989
0.000150516	2003
0.000150552	895
0.000150592	707
0.000150599	1121
0.000150644	3976
0.000150751	3075
0.000150796	3913
0.000150799	2170
0.000150954	3032
0.000150969	85
0.000151025	2848
0.000151033	1818
0.000151062	2547
0.000151074	1325
0.00015108	1311
0.000151137	3932
0.000151159	1638
0.000151284	2407
0.000151292	2614
0.000151355	2486
0.000151467	1406
0.00015148	1679
0.00015153	1219
0.000151532	2851
0.000151568	1531
0.000151649	3337
0.000151655	1561
0.000151721	1850
0.000151837	2349
0.000151854	274
0.000151903	1112
0.000151965	3683
0.000152104	2684
0.000152137	2391
0.000152138	2000
0.000152148	879
0.000152158	36
0.000152214	2845
0.000152264	3450
0.000152267	1815
0.000152274	778
0.000152372	1296
0.000152385	3547
0.00015257	1197
0.000152657	1139
0.000152713	598
0.000152732	1115
0.000152761	1285
0.000152868	2260
0.000152893	219
0.000153118	3937
0.000153131	486
0.000153155	3278
0.000153183	1990
0.000153187	1015
0.000153208	451
0.000153297	3399
0.000153318	1674
0.000153381	1585
0.000153461	1660
0.000153479	3773
0.000153511	3895
0.000153534	3186
0.000153571	2285
0.000153573	2819
0.000153589	3139
0.000153615	1999
0.000153969	196
0.000154007	3215
0.000154074	1356
0.000154171	1629
0.000154299	3487
0.000154324	1578
0.000154358	2934
0.000154359	3663
0.000154517	611
0.000154527	3228
0.000154535	2214
0.000154657	1228
0.000154723	3223
0.000154851	1187
0.000154883	3563
0.000154886	1719
0.000154995	1747
0.00015502	3780
0.000155035	2401
0.0001551	103
0.00015513	2554
0.000155197	3517
0.000155261	3483
0.000155431	3741
0.000155505	2870
0.000155522	3482
0.000155592	3531
0.000155745	2650
0.000155746	3644
0.000155753	1681
0.00015578	3319
0.000155782	1781
0.000155808	1968
0.000155873	178
0.000156024	3379
0.000156161	3533
0.000156185	3260
0.00015631	3990
0.00015631	4007
0.00015631	4016
0.00015631	4025
0.000156334	2152
0.00015636	861
0.000156394	418
0.000156399	1392
0.000156406	3639
0.000156406	3919
0.00015644	2164
0.000156459	742
0.000156597	3135
0.000156674	2296
0.000156682	2416
0.000156689	2198
0.00015676	2577
0.000156763	1174
0.00015678	1499
0.000156866	3594
0.000156868	2392
0.000156941	2535
0.000157202	3041
0.000157284	2405
0.000157315	3431
0.000157326	1958
0.000157367	2686
0.000157408	2222
0.000157455	2803
0.000157457	584
0.000157618	84
0.000157622	2622
0.000157768	2197
0.000157809	2425
0.000157958	243
0.000157967	3251
0.000158047	2179
0.00015807	450
0.000158177	3234
0.000158225	601
0.000158276	3129
0.000158315	3815
0.000158378	3123
0.000158418	1497
0.000158456	258
0.000158496	29
0.000158632	1201
0.000158729	2693
0.000158836	1054
0.000159316	706
0.000159376	1306
0.000159376	2846
0.000159383	2591
0.000159414	709
0.000159452	3855
0.000159607	3979
0.000159667	3627
0.000159676	2085
0.000159847	150
0.000159855	3581
0.000159864	2702
0.000159882	1550
0.000159943	2337
0.000159987	878
0.000159992	1419
0.000160005	1682
0.000160192	2587
0.00016022	3872
0.000160231	1035
0.000160285	1848
0.000160412	3682
0.000160416	3792
0.00016059	424
0.00016063	1726
0.000160649	39
0.000160649	551
0.000160888	1981
0.000160897	3023
0.000160957	3620
0.000161007	3580
0.000161124	685
0.000161137	971
0.000161203	3420
0.000161444	1754
0.000161534	3541
0.000161651	741
0.000161697	666
0.000161814	2242
0.000162006	2626
0.000162018	2366
0.000162101	1025
0.000162106	753
0.000162234	1012
0.000162321	3785
0.000162357	3454
0.000162409	2207
0.000162472	962
0.000162487	872
0.000162487	874
0.000162649	55
0.000162697	1649
0.000162733	3485
0.000162763	3304
0.000162817	3160
0.000162843	2215
0.000163024	2658
0.000163031	3053
0.00016305	2465
0.000163054	3225
0.000163057	543
0.000163116	1190
0.000163124	871
0.000163162	1310
0.00016318	2318
0.000163289	664
0.000163409	3726
0.000163496	345
0.000163528	2429
0.000163574	3789
0.000163729	357
0.000163918	623
0.000164189	2346
0.000164192	3894
0.000164432	108
0.000164472	2473
0.000164499	1457
0.00016456	1436
0.000164833	488
0.000165116	958
0.000165182	2
0.000165216	1072
0.000165392	1127
0.000165422	421
0.000165522	2639
0.000165649	3760
0.000165908	3213
0.000165981	594
0.000166048	1606
0.000166081	3845
0.000166265	3783
0.0001663	1340
0.000166402	3066
0.000166522	3561
0.00016653	983
0.000166881	554
0.000166941	1772
0.000166948	1167
0.000167052	779
0.000167077	2982
0.000167079	337
0.000167177	1695
0.000167193	5
0.000167375	3735
0.000167386	415
0.000167597	2385
0.000167677	3016
0.000167725	3618
0.000167789	3993
0.000167834	1595
0.000167945	2210
0.000168217	1300
0.000168283	159
0.000168287	2795
0.000168429	1287
0.000168492	1873
0.000168523	1450
0.000168551	364
0.000168604	2660
0.000168661	3400
0.000168707	977
0.00016871	1903
0.000168726	3985
0.000168836	2213
0.000168872	857
0.000168938	605
0.000168984	620
0.00016899	3166
0.000169002	445
0.000169202	1177
0.000169228	988
0.000169228	3462
0.000169339	3646
0.000169368	2243
0.000169428	1724
0.000169483	3472
0.000169493	783
0.000169517	3685
0.000169634	512
0.000169751	1994
0.000169767	2462
0.000169791	2574
0.000169796	2636
0.000169841	1513
0.000169958	1393
0.000169965	1328
0.000169969	4013
0.000169992	1743
0.000169999	2663
0.000170011	3211
0.000170104	1936
0.000170113	2812
0.000170122	603
0.000170129	2089
0.000170258	898
0.000170387	3524
0.000170491	2745
0.000170674	809
0.000170755	1648
0.000170786	1672
0.000170938	777
0.000171211	3301
0.000171276	964
0.000171277	3238
0.000171379	2280
0.000171386	3148
0.000171475	2924
0.000171535	3532
0.000171557	489
0.000171557	3439
0.000171585	3377
0.000171598	511
0.00017169	2097
0.000171775	3459
0.000171855	123
0.00017193	132
0.000172187	2532
0.000172237	2962
0.000172246	564
0.00017239	1858
0.000172422	1500
0.000172435	881
0.000172576	1877
0.000172708	3892
0.000172748	1811
0.000172814	1138
0.000172928	1410
0.00017298	2157
0.000173011	665
0.000173046	2297
0.000173052	1763
0.000173148	458
0.000173247	870
0.000173351	1931
0.000173399	1351
0.000173511	3592
0.000173528	772
0.000173579	3802
0.000173623	3080
0.000173676	3657
0.000173778	539
0.000173823	519
0.000173953	2367
0.000174159	3819
0.000174203	1245
0.000174208	863
0.000174208	876
0.000174348	2286
0.000174411	68
0.00017446	2775
0.000174696	3470
0.000174711	2406
0.000174827	30
0.000174967	3823
0.00017502	1727
0.00017507	2854
0.000175121	1444
0.000175225	1314
0.000175356	1453
0.00017543	2708
0.000175452	1144
0.000175469	276
0.000175485	57
0.000175487	3273
0.000175502	1921
0.000175619	2887
0.000175636	3279
0.000175652	1976
0.000175673	518
0.000175739	1988
0.000176238	1493
0.000176238	1028
0.000176295	78
0.000176295	195
0.000176295	218
0.000176295	273
0.000176295	306
0.000176295	328
0.000176324	2618
0.000176492	3008
0.000176661	3989
0.000176681	2023
0.000176707	212
0.000176745	2879
0.00017681	2011
0.00017682	1957
0.00017691	3423
0.000176937	2768
0.000177041	58
0.000177321	2494
0.000177418	1106
0.000177535	1722
0.000177567	2499
0.000177588	3283
0.000177658	2489
0.000177715	2978
0.000177766	2585
0.000177845	795
0.00017801	3178
0.00017824	1571
0.000178366	437
0.000178455	3314
0.000178484	1382
0.00017875	3014
0.000178782	2563
0.000178812	1324
0.000178845	3394
0.00017892	3516
0.00017897	1626
0.000178984	3602
0.000179001	140
0.000179033	3697
0.000179061	350
0.000179133	1142
0.000179141	3481
0.000179141	3523
0.000179169	2835
0.000179198	3415
0.000179273	3903
0.00017934	2627
0.000179366	1279
0.000179375	1535
0.000179428	1281
0.000179466	595
0.000179521	1437
0.000179651	251
0.000179769	647
0.000179855	755
0.000179861	1582
0.000179983	560
0.000179986	469
0.000180158	1040
0.000180277	748
0.000180296	1130
0.000180324	932
0.000180433	134
0.000180447	1889
0.000180487	1796
0.000180559	3550
0.000180606	1313
0.000180802	1315
0.000180822	361
0.000180854	1317
0.000180895	2570
0.000181034	516
0.000181141	711
0.000181181	2552
0.000181325	2844
0.000181332	2192
0.00018137	2892
0.000181442	3852
0.000181442	2477
0.000181546	3285
0.000181571	457
0.000181576	471
0.000181588	2306
0.000181644	1847
0.0001817	1319
0.000181769	984
0.000181834	3141
0.000181988	3591
0.000182107	1588
0.000182158	1212
0.000182196	2259
0.000182287	1225
0.000182344	173
0.000182489	2633
0.000182562	2146
0.00018265	1428
0.000182799	2713
0.000182823	4018
0.000182842	3720
0.000182889	2861
0.00018291	354
0.000183004	782
0.000183163	3527
0.000183245	1543
0.000183357	1429
0.00018336	835
0.000183391	3498
0.000183452	1047
0.000183534	1790
0.000183541	614
0.000183849	769
0.000183863	1309
0.000183936	1433
0.000183974	2474
0.000183979	3874
0.000184019	3567
0.000184165	807
0.000184179	2060
0.000184186	3675
0.000184275	3595
0.000184327	3493
0.000184388	867
0.00018439	1056
0.000184434	3200
0.000184444	3036
0.000184468	1299
0.000184497	2681
0.000184526	3847
0.000184616	3203
0.00018465	59
0.000184982	1512
0.000185046	257
0.000185047	2983
0.000185098	902
0.000185103	1408
0.000185117	2497
0.000185186	1514
0.000185216	1904
0.000185282	1074
0.000185482	3964
0.000185494	1897
0.00018554	2579
0.000185565	3105
0.000185757	3124
0.000185794	1667
0.000185808	3446
0.000185854	1170
0.000185859	1108
0.000185874	1812
0.000185923	3257
0.000186049	3863
0.000186078	3176
0.000186182	89
0.000186182	319
0.000186216	2829
0.00018624	3
0.000186286	2418
0.00018629	2840
0.000186322	3018
0.000186335	758
0.000186396	3656
0.000186428	1878
0.000186432	2120
0.000186471	330
0.00018649	1274
0.000186491	2225
0.000186513	3382
0.00018668	1357
0.000186798	3881
0.000186804	3972
0.000186883	3316
0.000187157	24
0.00018719	2972
0.000187241	720
0.000187255	645
0.000187288	2226
0.000187323	510
0.000187327	701
0.000187379	3670
0.000187412	1863
0.000187447	3221
0.000187647	3655
0.000187704	3231
0.000187709	915
0.000187745	1653
0.000187755	712
0.000187845	2098
0.000187983	3313
0.000188006	3474
0.000188051	1859
0.000188102	1782
0.000188227	2959
0.000188274	789
0.000188298	3988
0.000188394	684
0.000188573	2832
0.000188577	187
0.000188693	3623
0.000188704	2784
0.000188838	2345
0.000188861	487
0.00018888	2445
0.000188919	1644
0.000188921	1677
0.000189013	3212
0.00018913	981
0.000189168	3303
0.000189201	1207
0.00018921	1615
0.000189361	3696
0.000189417	1188
0.00018949	2672
0.000189501	130
0.000189745	1402
0.000189794	3573
0.00018981	398
0.000189846	2160
0.000189876	3578
0.000189882	3491
0.000189966	3645
0.000190072	3479
0.000190072	3562
0.000190072	3613
0.000190072	3649
0.000190072	3695
0.000190072	3883
0.000190156	1421
0.000190156	2756
0.000190237	1706
0.000190302	2770
0.000190316	768
0.000190343	1098
0.000190606	1182
0.000190609	1614
0.000190618	1538
0.000190685	3309
0.000190913	1446
0.000191108	225
0.000191114	2478
0.000191261	2823
0.000191317	2315
0.000191331	2631
0.000191518	3564
0.000191528	2027
0.000191652	1375
0.000191749	1671
0.00019184	396
0.000191866	683
0.000191974	2009
0.000192113	1415
0.00019217	3081
0.000192191	2653
0.00019221	3458
0.00019231	1891
0.000192322	2783
0.000192349	473
0.000192354	736
0.000192509	2843
0.000192584	1183
0.000192623	938
0.000192633	1568
0.000192862	2304
0.000192868	8
0.000192868	91
0.000192868	259
0.000192883	793
0.00019297	278
0.000192983	3866
0.000193105	3950
0.000193251	1011
0.000193372	1740
0.000193415	3259
0.000193606	482
0.000193759	3476
0.000193829	4
0.000193829	181
0.000193829	275
0.000193844	1246
0.000193846	3047
0.000193883	589
0.000194092	1232
0.00019412	1
0.00019416	3010
0.000194298	1767
0.00019435	133
0.000194524	420
0.000194532	3708
0.000194572	729
0.000194663	1953
0.000194671	776
0.000194688	1229
0.000194691	409
0.000194747	1135
0.00019478	2046
0.000194825	3975
0.000194942	1165
0.000194952	936
0.00019517	1765
0.000195218	3912
0.000195253	582
0.000195271	1553
0.00019537	1215
0.000195469	2459
0.000195529	1137
0.000195543	838
0.000195551	3667
0.000195657	669
0.0001958	2628
0.000195836	999
0.000196005	2396
0.000196041	3497
0.000196094	3341
0.000196155	3642
0.000196162	481
0.000196362	3739
0.000196395	1911
0.00019642	1001
0.000196562	625
0.000196574	3707
0.000196626	3917
0.000196693	2703
0.000196747	2764
0.000196883	1064
0.000196888	3967
0.000196917	2874
0.00019698	254
0.000197023	3943
0.000197078	2751
0.000197107	1541
0.000197255	1686
0.000197287	2237
0.000197346	1803
0.000197448	3040
0.000197514	1744
0.000197593	532
0.000197627	359
0.000197717	2644
0.00019782	3384
0.000197912	2929
0.000197939	281
0.000197983	1737
0.00019801	2329
0.000198027	3608
0.000198028	1841
0.000198106	2438
0.000198153	1404
0.00019833	2077
0.000198445	331
0.000198464	1131
0.00019847	597
0.000198526	3364
0.000198552	3862
0.000198692	3920
0.00019884	1785
0.000198919	982
0.000199047	3638
0.000199073	2583
0.000199361	284
0.000199419	1209
0.000199493	3698
0.000199558	3100
0.000199709	1171
0.000199812	197
0.000199848	2739
0.000199884	127
0.000200015	2484
0.000200186	368
0.000200233	635
0.000200238	616
0.000200316	1323
0.000200319	3435
0.0002004	1925
0.000200478	968
0.000200556	2970
0.000200698	1539
0.000200872	2715
0.000201052	2813
0.000201278	4002
0.000201403	3896
0.000201415	2264
0.000201418	1470
0.000201538	889
0.000201546	1425
0.000201589	3079
0.000201637	2101
0.000201703	2889
0.000201777	1632
0.000201853	677
0.000201874	1528
0.000201905	948
0.000202152	1647
0.000202325	3046
0.000202483	1379
0.000202742	845
0.00020281	3701
0.000202908	2506
0.000202948	148
0.000202997	3779
0.000203009	2261
0.000203092	3786
0.000203303	577
0.000203304	2540
0.000203379	3536
0.000203519	1758
0.000203625	3438
0.000203694	3325
0.000203765	1226
0.000203772	2711
0.000203799	1198
0.000203901	897
0.000203953	548
0.000203971	1694
0.00020413	3898
0.000204172	2341
0.00020423	992
0.000204262	906
0.000204301	546
0.000204305	650
0.000204311	1652
0.000204436	2467
0.000204439	632
0.000204445	2603
0.000204584	2062
0.000204747	714
0.000204797	1914
0.000204826	4019
0.000204846	3752
0.000204854	248
0.00020495	3510
0.000205032	3610
0.000205044	2145
0.000205081	3264
0.00020521	3509
0.000205322	2165
0.000205327	3275
0.000205413	3535
0.000205591	2420
0.000205659	1732
0.000205665	3981
0.000205692	1060
0.000205715	2717
0.000205723	927
0.000205728	3471
0.000205743	803
0.000205762	2896
0.000205763	1283
0.000205837	3422
0.000205891	952
0.000206046	3465
0.000206046	3579
0.000206123	934
0.00020619	2343
0.000206193	1303
0.000206256	1468
0.00020647	1123
0.000206578	3085
0.000206665	604
0.000206671	3496
0.000206724	266
0.000206986	3065
0.000206989	303
0.000207077	1280
0.000207078	2501
0.000207103	28
0.000207198	394
0.000207254	3255
0.000207256	1720
0.000207471	3809
0.0002075	2556
0.000207569	792
0.000207758	2623
0.000207769	1120
0.000207797	2056
0.000207928	2144
0.000207934	1872
0.000208014	3062
0.000208023	2035
0.000208101	2417
0.000208427	2670
0.000208459	2690
0.000208539	2647
0.000208576	2159
0.000208713	1114
0.000208723	3029
0.000208772	1659
0.000208794	367
0.000208912	3615
0.000208915	2610
0.000208942	479
0.000208956	3960
0.000209073	2680
0.000209122	1289
0.000209178	1494
0.000209583	1778
0.000209583	177
0.000209605	2216
0.000209623	2662
0.000209715	2447
0.000209758	771
0.000209855	1587
0.000209909	2749
0.000209987	3480
0.000210126	3587
0.000210128	1380
0.000210181	2897
0.000210215	230
0.000210367	2743
0.000210374	3296
0.000210381	3601
0.000210389	3909
0.000210397	1766
0.000210447	2648
0.000210471	3478
0.000210508	3555
0.000210626	3004
0.000210749	2109
0.000210796	2469
0.000210898	2202
0.00021091	1753
0.000210952	1910
0.000210963	17
0.000211014	1318
0.000211019	1997
0.000211029	1448
0.000211058	2235
0.000211148	1673
0.000211188	1378
0.000211223	1601
0.000211323	732
0.000211368	913
0.000211406	2061
0.000211471	670
0.000211505	885
0.000211518	1580
0.000211533	434
0.000211822	640
0.000212022	2712
0.000212054	3850
0.000212077	1880
0.000212089	675
0.000212216	198
0.000212243	2589
0.000212314	599
0.000212355	3761
0.000212519	1327
0.000212671	1991
0.00021273	848
0.00021279	681
0.000212875	2976
0.00021298	2115
0.000212981	1624
0.000213068	1751
0.000213069	1018
0.000213137	1343
0.000213208	2086
0.000213232	822
0.000213471	1923
0.000213662	975
0.000213713	2378
0.000213864	1705
0.000213894	1355
0.000213986	392
0.00021403	2022
0.00021405	3949
0.000214248	3519
0.000214361	1909
0.000214425	1388
0.000214444	2485
0.000214554	2734
0.000214603	388
0.00021462	3318
0.000214695	1523
0.000214885	1916
0.0002149	1939
0.0002149	2004
0.000214994	1037
0.000215056	430
0.000215126	1935
0.000215359	3554
0.00021541	1102
0.000215444	839
0.000215555	818
0.000215663	944
0.000215713	963
0.000215763	995
0.000215949	2772
0.000216065	3837
0.000216098	3220
0.000216119	2300
0.000216143	570
0.000216241	3142
0.000216313	194
0.000216368	2031
0.000216392	2386
0.000216588	238
0.000216637	2646
0.000216704	7
0.000216734	1702
0.000216747	1333
0.000216761	3648
0.000216785	2945
0.000216941	3158
0.000216968	1026
0.000216996	1260
0.000217082	2765
0.000217098	644
0.000217272	1374
0.000217354	2010
0.000217464	2212
0.000217512	3052
0.000217558	1181
0.000217565	1970
0.000217596	2539
0.000217664	1075
0.000217806	1257
0.000217808	2307
0.000217889	3609
0.000217956	369
0.000218009	817
0.000218089	3616
0.000218111	2841
0.000218128	1210
0.000218184	731
0.000218192	3114
0.000218212	1454
0.000218313	101
0.000218417	2342
0.000218423	1292
0.000218573	2931
0.00021865	3730
0.000218651	1639
0.000218801	537
0.000218867	547
0.000218931	1432
0.000218942	3757
0.000219147	231
0.000219171	226
0.000219262	3473
0.000219268	184
0.000219363	1862
0.000219392	2815
0.000219412	1359
0.000219422	3635
0.000219445	3831
0.000219886	3803
0.000219987	578
0.000219987	627
0.000219987	658
0.000219987	659
0.000220016	1110
0.000220334	3828
0.000220343	662
0.000220369	1348
0.000220439	149
0.000220461	3915
0.000220487	804
0.000220508	3102
0.000220511	2399
0.000220671	1795
0.000220725	734
0.000220733	2151
0.000220818	600
0.000220818	643
0.000220818	661
0.000220962	615
0.000220964	3346
0.000221033	4027
0.000221118	990
0.000221247	2521
0.000221323	4020
0.000221358	3634
0.000221423	3891
0.000221441	1507
0.000221456	2368
0.000221553	2173
0.000221611	806
0.000221745	903
0.000221746	2063
0.000221865	2267
0.00022187	618
0.000221899	2134
0.000221919	2472
0.000221932	3612
0.000222127	2228
0.000222169	636
0.000222171	1312
0.000222283	1049
0.000222444	3191
0.000222492	738
0.000222508	1655
0.000222916	3440
0.000222952	3499
0.00022313	2161
0.000223136	2002
0.000223148	833
0.000223208	1155
0.000223246	2191
0.000223295	901
0.000223319	1332
0.000223325	2575
0.000223556	3571
0.000223579	1349
0.000223625	2156
0.000223655	2675
0.000223692	3395
0.000223781	302
0.000223784	310
0.000223983	2657
0.000224012	1010
0.000224083	1452
0.000224092	1290
0.000224179	2024
0.000224189	1825
0.000224239	1798
0.000224259	2993
0.000224262	1082
0.000224723	1109
0.000224793	2546
0.000224822	2495
0.000224825	2122
0.000224918	2773
0.000224953	1435
0.000225027	72
0.000225132	2836
0.000225144	1699
0.000225197	1189
0.00022534	3559
0.000225424	2359
0.000225499	2006
0.000225536	2949
0.000225579	3021
0.000225662	2985
0.000225798	2996
0.000225939	3463
0.000226197	2440
0.000226284	2211
0.000226303	814
0.000226426	297
0.000226454	1337
0.000226457	2974
0.000226607	1605
0.00022669	2914
0.000226715	1405
0.00022679	3957
0.000226813	180
0.000226883	1511
0.00022704	3643
0.000227075	1258
0.000227132	2334
0.000227226	1396
0.000227236	2135
0.000227349	2718
0.00022737	3248
0.000227381	1036
0.00022745	308
0.000227682	1369
0.000227951	1565
0.000227981	387
0.000227989	2806
0.000228089	1533
0.000228231	3719
0.000228248	1009
0.000228275	1272
0.000228364	2083
0.000228501	1634
0.000228703	1642
0.000228729	2430
0.000228824	3768
0.000228859	583
0.000229193	1288
0.00022927	1118
0.00022937	2516
0.000229591	3679
0.000229616	3776
0.000229666	299
0.000229816	1160
0.000229892	557
0.000229996	1819
0.00023005	847
0.000230275	161
0.000230285	3969
0.00023035	1019
0.000230355	3298
0.000230373	3331
0.000230943	3265
0.000230996	2645
0.000231035	232
0.000231069	3868
0.000231105	1998
0.000231161	2654
0.000231182	2411
0.000231309	4026
0.000231323	1179
0.000231349	2433
0.000231389	2741
0.000231404	1344
0.000231544	3443
0.00023155	1929
0.000231575	619
0.00023185	2668
0.000232005	2620
0.000232051	2912
0.000232073	1242
0.000232078	3861
0.000232099	3534
0.000232209	2921
0.000232269	2026
0.000232273	2148
0.000232292	1024
0.000232372	3219
0.00023268	3204
0.000232752	2504
0.000232766	954
0.000232845	3206
0.000233338	2365
0.000233411	1216
0.000233709	2640
0.000233774	1927
0.0002338	1534
0.000233821	2348
0.000233933	1866
0.000233954	14
0.000234002	2666
0.000234077	2018
0.000234211	3799
0.000234476	88
0.000234548	3774
0.000234578	1099
0.000234695	2408
0.000234947	2573
0.000234987	2538
0.000235018	1371
0.000235029	3624
0.000235058	3187
0.000235304	2273
0.000235317	1691
0.000235351	3086
0.000235363	678
0.000235365	941
0.000235451	3557
0.000235491	2084
0.000235517	3706
0.000235567	3931
0.000235608	1609
0.000235699	3288
0.000235817	617
0.000235834	3995
0.000235885	496
0.00023604	1919
0.000236043	908
0.000236093	144
0.000236098	3108
0.000236137	797
0.000236167	92
0.000236185	1217
0.000236201	3569
0.00023625	2091
0.000236505	1940
0.000236714	1129
0.000236744	1413
0.000236763	1097
0.000237029	3886
0.00023707	3986
0.000237184	1955
0.000237231	3272
0.000237295	2958
0.000237362	680
0.000237454	2335
0.000237494	2276
0.00023757	1716
0.000237606	223
0.000237685	2299
0.000237716	20
0.000237757	3001
0.000237842	1656
0.000237899	2254
0.000237975	2095
0.000238024	2005
0.000238044	727
0.00023808	1932
0.000238359	2728
0.000238419	2448
0.000238471	1529
0.000238493	1271
0.000238514	3097
0.000238648	2308
0.000238674	1423
0.000238805	2322
0.000238821	143
0.000238869	111
0.00023892	1685
0.000238959	3293
0.000239034	1307
0.000239076	2810
0.000239129	1986
0.000239136	1449
0.00023916	1284
0.000239367	2932
0.000239383	1021
0.000239393	1824
0.000239554	3391
0.000239567	2232
0.000239631	2257
0.00023968	3416
0.000239874	3759
0.000239936	2588
0.000239943	1020
0.000240037	3025
0.000240114	1806
0.00024051	48
0.000240597	2284
0.0002406	2436
0.000240663	1895
0.000240705	2871
0.000240777	3064
0.000240899	3500
0.000241063	840
0.000241089	3693
0.000241146	2785
0.000241459	2253
0.00024156	2370
0.000241671	2561
0.000241772	1113
0.000241824	2040
0.000241876	3137
0.000241895	2020
0.00024201	3714
0.000242057	997
0.000242068	62
0.000242396	653
0.000242422	4038
0.000242576	99
0.000242782	1643
0.000242843	204
0.000243007	2720
0.000243031	3118
0.000243096	1623
0.000243161	764
0.000243273	2121
0.000243313	2558
0.000243465	2412
0.000243469	3725
0.000243469	3743
0.00024347	3858
0.000243713	862
0.00024376	185
0.000243811	1163
0.000243904	1593
0.000244051	2940
0.000244284	2377
0.000244309	2551
0.000244357	3381
0.000244386	2549
0.000244657	1787
0.000244754	94
0.00024476	1881
0.000244939	3034
0.000245032	687
0.000245099	3750
0.000245344	3549
0.000245346	439
0.000245385	1156
0.000245477	2753
0.000245759	3073
0.000245878	4000
0.000245884	3718
0.000245945	2074
0.000246003	1567
0.000246061	2231
0.000246067	1733
0.000246129	2446
0.000246197	3258
0.000246207	1826
0.000246443	31
0.000246469	3490
0.000246524	1918
0.000246576	1980
0.000246655	3636
0.000246681	158
0.000246742	2154
0.000246793	3511
0.000246847	2112
0.00024695	1680
0.000246993	265
0.00024724	555
0.00024727	1569
0.000247293	2042
0.000247312	2482
0.000247315	609
0.000247338	3098
0.000247379	2434
0.000247525	3687
0.000247886	1810
0.000247986	527
0.00024801	2371
0.00024802	3870
0.000248098	1975
0.000248252	1304
0.000248302	3753
0.000248433	2246
0.000248511	2397
0.000248526	1530
0.000248533	4009
0.000248537	1837
0.000248559	1339
0.000248652	2108
0.00024876	760
0.000248807	2988
0.00024891	3184
0.000249177	3177
0.000249508	3721
0.00024955	3956
0.000249607	1100
0.00024962	1898
0.000249696	2578
0.00024973	1003
0.00024977	4017
0.00025002	2475
0.000250071	1051
0.00025019	2533
0.000250271	1828
0.000250276	1122
0.000250294	1483
0.000250375	2881
0.000250408	3355
0.000250415	1426
0.000250437	2001
0.000250556	3518
0.00025061	3005
0.000250621	2950
0.00025068	2508
0.000250791	2394
0.000250853	2132
0.000250983	2559
0.000251144	523
0.000251168	1166
0.000251238	2638
0.000251342	1715
0.000251397	3149
0.000251416	2537
0.00025144	2619
0.000251487	1789
0.000251611	3287
0.000251647	2423
0.000251656	1548
0.000251989	3011
0.000252032	452
0.000252146	128
0.000252149	3207
0.00025217	3475
0.00025249	320
0.000252498	3433
0.000252744	3713
0.000252756	3196
0.000252805	3835
0.000253119	2520
0.000253221	2880
0.000253563	1136
0.000253643	754
0.000253662	2643
0.00025368	957
0.000253726	360
0.000253852	2875
0.000253904	2458
0.000253954	2363
0.000254013	1149
0.000254025	1205
0.000254093	2994
0.000254197	355
0.000254319	2374
0.000254371	2655
0.000254504	2128
0.000254712	2190
0.00025481	2352
0.000254853	2689
0.000255005	3386
0.000255141	1712
0.000255489	2999
0.000255579	3651
0.000255911	591
0.000255963	1616
0.00025598	1882
0.000256016	3710
0.00025604	1302
0.000256123	1540
0.000256158	2049
0.000256435	3884
0.000256659	141
0.000256711	1807
0.000256803	1576
0.000256844	3907
0.000257008	2124
0.000257109	2107
0.00025717	1590
0.000257309	696
0.000257354	1692
0.000257452	1148
0.000257475	1029
0.000257566	787
0.000257853	545
0.00025791	2116
0.000257919	80
0.000258066	2460
0.000258118	1545
0.000258333	2594
0.000258454	3867
0.000258455	2550
0.000258673	1158
0.000258703	2911
0.000258835	3747
0.000258958	1480
0.000259	2582
0.000259068	3538
0.000259129	718
0.000259139	3791
0.00025928	924
0.000259404	2356
0.000259578	2140
0.000259678	242
0.00025971	224
0.000259777	2763
0.000259815	3188
0.000260067	4004
0.000260106	1741
0.000260145	3542
0.000260241	2498
0.000260326	3284
0.000260326	2698
0.000260445	2236
0.000260534	3590
0.000260574	2332
0.000261007	1666
0.000261571	334
0.000261882	1236
0.000261963	1083
0.00026203	1637
0.000262102	2317
0.000262312	2512
0.000262514	2033
0.000262594	3089
0.000262646	3927
0.000262724	3841
0.000262982	2630
0.000263004	1973
0.000263117	3261
0.000263469	116
0.000263545	249
0.00026378	1886
0.000263971	2865
0.000264006	2200
0.000264544	2043
0.000264705	2608
0.00026478	770
0.000265075	1128
0.000265273	1995
0.000265282	1555
0.000265413	3466
0.000265457	2404
0.000265474	849
0.000265701	3933
0.000265737	960
0.000265816	455
0.000265852	1894
0.000266071	739
0.000266126	2381
0.000266141	2045
0.000266292	1735
0.000266316	3224
0.000266409	2069
0.000266588	2052
0.000266611	444
0.000266634	2553
0.000266781	3505
0.000266941	2616
0.000267201	3508
0.000267324	1951
0.000267345	2597
0.000267565	2787
0.000267813	921
0.000267849	2372
0.000267956	1864
0.000267962	930
0.000268033	3711
0.000268068	2354
0.000268134	2203
0.000268323	1971
0.000268459	3997
0.000268465	1948
0.000268476	1979
0.000268489	2028
0.000268573	137
0.00026862	3111
0.000268623	2139
0.000268758	942
0.000268776	2969
0.000268813	3169
0.000269061	978
0.000269061	2492
0.000269116	2338
0.000269388	1416
0.000269479	1496
0.00026949	2991
0.000269726	2729
0.00026979	2919
0.000269921	463
0.000270052	2955
0.000270505	1370
0.000270535	211
0.000270538	1954
0.000270553	2706
0.000270616	3821
0.000270625	3740
0.0002709	2862
0.000271036	2409
0.000271105	1291
0.00027141	324
0.000271502	1298
0.00027157	3540
0.000271827	13
0.000271844	2278
0.000271952	3528
0.000272032	3486
0.000272093	810
0.000272139	2488
0.000272144	2326
0.000272232	1495
0.000272341	1191
0.000272413	2104
0.000272513	3546
0.000272532	3369
0.000272576	2500
0.000272672	1770
0.000272683	3195
0.0002728	1845
0.000272907	3822
0.000273092	1597
0.000273286	3239
0.000273294	3339
0.000273312	2351
0.000273318	966
0.000273346	2093
0.000273374	2196
0.000273385	1984
0.000273518	708
0.000273664	1172
0.000273668	2194
0.000273757	3403
0.00027379	1966
0.000273814	2271
0.000274064	3728
0.000274095	2364
0.000274141	4021
0.000274204	1048
0.000274317	2171
0.00027435	3460
0.000274598	2189
0.000274662	2853
0.000274957	2395
0.000275086	1861
0.000275106	3174
0.000275507	3628
0.000275537	1831
0.000275563	1752
0.000275714	2290
0.000275735	3860
0.000275932	1619
0.000276098	1721
0.000276099	2796
0.0002761	1809
0.000276137	3412
0.000276144	3117
0.000276151	214
0.000276199	2169
0.00027626	3994
0.00027628	3836
0.000276303	2323
0.000276407	3070
0.000276501	1482
0.000276573	1820
0.000276573	2129
0.00027662	227
0.000276704	404
0.000277042	3469
0.000277117	2414
0.000277157	1688
0.000277165	2600
0.000277367	2325
0.000277405	2451
0.000277432	2593
0.000277574	2905
0.000277612	520
0.000277624	1305
0.000277736	953
0.00027775	1273
0.000278042	1282
0.00027815	2376
0.000278153	3146
0.000278528	2275
0.00027857	2989
0.00027861	2339
0.000278775	2039
0.000278985	1409
0.000279113	1243
0.000279125	1066
0.000279252	1611
0.000279336	1563
0.000279369	967
0.000279543	3297
0.000279614	1473
0.000279679	1360
0.00027968	2625
0.000279701	3119
0.000279727	1125
0.000279747	2615
0.00027989	2946
0.000280228	2586
0.000280265	1261
0.000280327	1849
0.000280342	1259
0.000280484	2143
0.000280623	3020
0.000280631	3662
0.000280689	2827
0.000280743	343
0.000280746	2665
0.000280914	1794
0.000281144	1041
0.000281187	780
0.000281233	3096
0.000281331	1515
0.000281498	1857
0.000281578	1645
0.000281647	1475
0.000281689	1267
0.000281864	2758
0.000282014	2030
0.000282018	2103
0.000282231	1962
0.000282328	2064
0.000282641	2398
0.000282828	3115
0.000282904	3468
0.000283142	2873
0.000283146	2118
0.000283356	556
0.000283363	2872
0.000283391	1617
0.000283539	1549
0.000283575	2184
0.000283629	3378
0.000283641	654
0.000283843	1972
0.000283906	2864
0.000283934	2090
0.00028406	3106
0.000284222	2180
0.000284227	2920
0.000284232	2913
0.000284627	2037
0.000284881	573
0.000284883	104
0.000284959	1608
0.000285147	531
0.000285278	1938
0.000285324	2201
0.000285443	2567
0.000285641	2564
0.000285708	3332
0.000286415	1547
0.000286506	2601
0.000286602	3702
0.000286739	1004
0.000286911	1917
0.000287212	3419
0.000287421	947
0.000287466	2250
0.000287517	1231
0.000287568	2053
0.000287653	1946
0.000287903	2331
0.000287925	3833
0.000288056	1842
0.000288432	2659
0.000288443	1600
0.000288487	2059
0.000288963	1237
0.000289105	2624
0.000289197	3247
0.000289262	326
0.000289898	3253
0.00028999	3526
0.000290147	3295
0.000290158	3764
0.000290338	2617
0.000290382	1668
0.000290871	1487
0.000291031	1502
0.000291059	339
0.000291239	1079
0.000291312	1067
0.000291598	3826
0.000291764	2127
0.000291774	2937
0.000292076	766
0.000292077	3873
0.000292105	3947
0.000292197	2220
0.000292373	3692
0.000292377	1943
0.000292791	1080
0.000292971	2188
0.000293144	2150
0.00029331	2172
0.000293379	2428
0.000293436	1465
0.000293666	1636
0.000293706	4031
0.000293889	2607
0.000293917	1341
0.000293996	2073
0.000294098	1960
0.000294107	461
0.00029411	1868
0.000294311	3226
0.00029447	3056
0.000294676	1520
0.000294727	2866
0.000294767	3365
0.000294896	3869
0.000295142	1491
0.000295352	1596
0.00029541	3690
0.000295505	1525
0.000295507	773
0.000295617	726
0.000295621	2936
0.000295803	408
0.000295872	1689
0.000295994	3362
0.000296068	2894
0.000296112	1334
0.000296116	3022
0.000296348	1117
0.000296455	2223
0.000296669	2241
0.000297054	2369
0.000297204	1101
0.000297217	2590
0.000297483	346
0.000297603	2340
0.000297628	3168
0.000297722	1347
0.000298614	3525
0.000298688	3107
0.000299101	2925
0.00029951	3738
0.000299519	3605
0.000299652	596
0.000299828	2604
0.000300141	2131
0.000300277	342
0.000300311	2244
0.000300645	2088
0.000300646	1230
0.000300922	3737
0.000300979	493
0.000301052	4014
0.000301129	3299
0.000301197	1920
0.000301389	1665
0.000301451	2909
0.000301791	3962
0.000302105	2071
0.000302136	2361
0.000302141	2464
0.000302151	1214
0.000302165	3921
0.000302205	1330
0.000302221	3625
0.000302276	1335
0.000302418	2602
0.000302668	2867
0.000303176	2468
0.000303229	3731
0.000303231	1269
0.000303419	1959
0.000303524	1750
0.000303669	2240
0.000303941	1823
0.000304344	2125
0.000304628	2507
0.000305259	1867
0.00030529	1675
0.000305291	2910
0.000305779	3514
0.000305851	2123
0.000305869	3900
0.000305996	1816
0.000306004	2324
0.000306167	503
0.000306194	1947
0.000306257	1221
0.000306387	752
0.000306415	2491
0.000306907	3411
0.000306994	829
0.000307057	2649
0.000307064	2542
0.000307114	2309
0.000307327	1255
0.000307423	2419
0.000307505	175
0.000307565	2319
0.000307615	2939
0.000307628	2800
0.000307839	2078
0.000307896	1899
0.000308351	2664
0.0003084	504
0.000308481	3087
0.000308487	842
0.000308526	1570
0.000308672	2674
0.00030878	3782
0.000309211	3348
0.000309331	2757
0.000309703	3464
0.000309837	1275
0.000309907	3335
0.000309914	19
0.000309996	2592
0.0003103	1757
0.000310692	1993
0.000310931	3825
0.000311071	2218
0.000311401	2777
0.000311528	1725
0.000311614	1983
0.000311666	1373
0.000311685	3951
0.000311762	2676
0.000312253	171
0.00031246	2463
0.000312675	2344
0.000312937	2750
0.000312993	3120
0.000312997	1902
0.000313419	3072
0.000313559	1467
0.000313676	2526
0.000313712	2294
0.000313893	3385
0.000313971	2461
0.000314128	1159
0.000314452	1504
0.000314521	2943
0.000314535	2780
0.000314579	1876
0.000314604	2560
0.000314731	3113
0.000314782	3640
0.000314836	1683
0.000314915	3240
0.000315192	1456
0.000315307	3794
0.000315445	1320
0.000315602	432
0.000315731	1427
0.000315738	397
0.000315783	1628
0.000315888	402
0.000315908	2206
0.000316467	2302
0.000316503	2174
0.000316539	1742
0.000316659	3054
0.000316794	2629
0.000316795	82
0.000316841	3277
0.000317537	2410
0.000317927	3345
0.000318159	3599
0.000318444	423
0.000318471	542
0.000318473	1462
0.000318546	3353
0.000318655	2279
0.000318664	3182
0.000318756	820
0.000319532	3810
0.000319599	1479
0.000319612	1661
0.000319699	2247
0.000319835	2683
0.000320035	1687
0.000320194	3576
0.0003206	1227
0.000320782	815
0.000320797	3179
0.000321006	3722
0.000321013	3674
0.000321242	2916
0.000321547	2224
0.000321615	2327
0.000321841	3145
0.000321984	2229
0.000322704	3902
0.000322956	728
0.000323321	3926
0.000323487	819
0.00032349	774
0.000323501	3084
0.000323962	1032
0.000324282	389
0.000324352	980
0.000324591	1173
0.000324698	417
0.000324784	2755
0.00032481	1488
0.000324874	641
0.000325049	2149
0.000325133	1509
0.000325464	2471
0.000325553	1669
0.000325604	1250
0.000325904	3327
0.000326249	2973
0.000326257	1256
0.00032631	456
0.000326456	2072
0.000326484	2611
0.000326622	1153
0.000326805	3842
0.000326912	2781
0.000327297	118
0.000327384	3033
0.000327628	1175
0.000327834	329
0.000328464	1791
0.000328596	1729
0.000328635	800
0.000328739	2183
0.000329216	1871
0.000329376	515
0.000329842	3945
0.000329933	2869
0.000329965	109
0.000330587	2992
0.000330591	1893
0.000330803	23
0.00033131	2928
0.00033144	378
0.000331531	1107
0.00033157	391
0.000331592	3553
0.000332107	1052
0.000332876	1132
0.000332949	1717
0.000333268	3529
0.000333294	3617
0.0003333	1076
0.000333645	3321
0.000333773	3049
0.000334351	1598
0.000334429	3267
0.000334582	3417
0.000334798	2555
0.000335405	3790
0.000335486	1329
0.000335535	1124
0.000335692	3568
0.000335694	695
0.000335876	291
0.000336406	2906
0.00033656	313
0.000337287	236
0.00033729	630
0.000337302	3172
0.000337931	325
0.000338027	3344
0.000338243	2102
0.000338427	115
0.000338453	3406
0.00033863	3274
0.000338902	1793
0.000338979	1603
0.000339111	524
0.000339158	261
0.000339578	419
0.00033958	2153
0.000340391	3982
0.000340419	492
0.000340508	3104
0.000340668	2828
0.000340711	53
0.000340751	1844
0.000341248	2960
0.00034134	1662
0.000341416	169
0.00034173	514
0.000341732	3797
0.000341762	1761
0.000341882	436
0.000342127	1573
0.000342205	3558
0.00034226	2509
0.00034247	834
0.000342533	784
0.000342603	3000
0.000342878	1006
0.000343341	2138
0.000343561	2890
0.000344206	579
0.000344723	3449
0.000344758	1574
0.000345176	3347
0.000345662	3488
0.000345674	1630
0.000345762	3162
0.000346008	1709
0.000346244	1322
0.000346346	2927
0.000346524	1469
0.000346547	113
0.000346636	2511
0.000346659	2176
0.000346731	2510
0.000346878	2679
0.000347307	1879
0.000348147	2694
0.00034819	1331
0.000348818	1361
0.000348907	2233
0.000349701	916
0.000349904	1366
0.000350756	3448
0.000350791	3017
0.000351241	2738
0.000351661	3966
0.000352229	1620
0.000352347	2915
0.000352495	2849
0.000352516	2038
0.000352659	3342
0.00035293	323
0.000353681	1447
0.000353776	507
0.000354349	2068
0.000354441	2292
0.000354822	2142
0.00035494	2669
0.000354955	3998
0.000355442	3027
0.000355813	1799
0.000355927	3829
0.000356072	3078
0.00035652	1017
0.000356707	2956
0.00035706	853
0.000357092	1146
0.000357929	1222
0.000358192	3324
0.000358203	3387
0.000358281	3968
0.000358592	3705
0.000359412	3629
0.000359471	3924
0.000359671	3396
0.000360278	3586
0.000360718	1338
0.000360739	3800
0.00036078	2748
0.000361288	1557
0.000361378	525
0.000361383	1985
0.000361544	3060
0.000361645	1185
0.00036181	1945
0.000362064	2782
0.000362198	544
0.000362262	2833
0.000362301	172
0.000362682	3804
0.000362827	592
0.000362848	3132
0.000363296	2187
0.000363341	3366
0.000363465	374
0.000363465	1736
0.000363701	3971
0.000363827	2986
0.000364301	2268
0.000364609	3824
0.000364781	1516
0.000364809	1420
0.000365533	993
0.00036567	1192
0.000365692	213
0.000366265	2904
0.000366475	1345
0.000366501	2032
0.000366745	1583
0.000367121	827
0.000367398	703
0.000368109	3351
0.000368681	3734
0.000368722	3360
0.000369761	1184
0.000369923	1604
0.000370028	1522
0.000370361	142
0.000370708	2642
0.000370713	2336
0.000370723	3455
0.000370979	3026
0.00037233	3214
0.0003724	1238
0.000373028	3140
0.000373167	651
0.000373982	3136
0.00037429	3252
0.000374368	2901
0.000375108	1358
0.000375437	2126
0.000375876	3185
0.000376429	3501
0.000376971	41
0.000377384	2266
0.000377625	688
0.000378138	438
0.000379094	1926
0.00037943	3350
0.00037956	400
0.000379578	1786
0.00037976	3302
0.00038037	526
0.00038038	3233
0.000380429	3077
0.00038071	431
0.000380767	1554
0.000380966	460
0.000383031	186
0.000383958	3930
0.000384282	2786
0.000385363	3672
0.000385589	3456
0.00038664	1459
0.00038794	506
0.000388101	1839
0.00038819	2877
0.000388733	370
0.000388907	3232
0.000389432	1059
0.000389485	2282
0.000390018	3263
0.000390034	1014
0.000390302	3577
0.000390607	724
0.00039109	332
0.000391135	2087
0.000392059	3906
0.00039244	3152
0.000392998	1367
0.000393939	1703
0.000394251	1591
0.000394423	567
0.000394977	2966
0.000397658	280
0.000397714	1813
0.000398509	946
0.000398661	2117
0.000399205	3035
0.000400145	2333
0.000400743	3002
0.000400908	1551
0.000401619	925
0.000402877	2944
0.000403053	2598
0.000403649	3076
0.000404332	2054
0.00040434	3201
0.000405424	2007
0.000405497	1211
0.000406003	3758
0.000406083	1204
0.000406084	3680
0.000407361	40
0.000408012	3877
0.000408039	1235
0.000408348	199
0.000409081	3019
0.000410409	1391
0.000410776	98
0.000411518	3150
0.000412381	465
0.000412463	272
0.000412515	3256
0.000413434	1104
0.000415042	3677
0.000415043	1610
0.000415449	312
0.000415636	3198
0.000416522	3038
0.000416808	1471
0.00041682	1622
0.000416999	3593
0.000417032	170
0.000417152	1399
0.000417536	3611
0.000418412	2328
0.000418984	395
0.00041928	781
0.000419763	188
0.000419924	285
0.000420281	1078
0.000420335	1070
0.000421073	561
0.000423427	580
0.000423678	422
0.000423928	1613
0.000424195	3330
0.0004245	559
0.00042502	2283
0.000425339	1707
0.000425378	2081
0.000426824	566
0.000427011	2778
0.000427127	1714
0.000429215	1376
0.000431019	2724
0.000431866	1718
0.000433761	856
0.000433872	538
0.000435276	1577
0.000435282	3506
0.000435508	2661
0.000436672	1505
0.000437394	1559
0.000437756	3851
0.000438583	2793
0.000439434	1941
0.000439661	3426
0.000440312	1833
0.000440334	3793
0.000441046	4023
0.00044163	606
0.000441833	1612
0.000442082	1536
0.000442268	1964
0.000442802	497
0.000443049	697
0.00044327	3918
0.000443458	3090
0.00044449	694
0.000445092	2719
0.000447648	1621
0.000447873	1390
0.000447919	500
0.000448855	2199
0.000450102	830
0.000451104	3838
0.000451406	1804
0.000451789	1835
0.000452763	4030
0.000453591	3495
0.000454626	3584
0.000455142	3948
0.000456759	823
0.000456801	1377
0.000457867	2111
0.000459431	3442
0.000459979	3116
0.000460906	2716
0.000463542	3051
0.000464472	824
0.000464653	2289
0.000464882	3434
0.000465559	2754
0.000467487	553
0.000467538	1746
0.00046897	1126
0.000470792	1277
0.000472235	1589
0.000473041	304
0.000474053	2133
0.000475268	2384
0.00047556	3154
0.000475779	745
0.000476768	513
0.000478354	896
0.000478612	366
0.000483659	1472
0.000483878	3756
0.00048478	747
0.000485332	200
0.000485377	1827
0.000487373	1085
0.000488309	3363
0.000489597	363
0.000489816	3633
0.000492889	9
0.000493686	203
0.000495397	315
0.000495791	3280
0.000500702	353
0.000501175	1199
0.000505506	484
0.000508021	2839
0.000509098	3082
0.000509122	2742
0.000510477	1768
0.000511545	2730
0.000513255	3320
0.00051352	239
0.000517038	3684
0.000518315	517
0.000518674	2347
0.00051932	136
0.000520679	2863
0.000522806	719
0.000523472	373
0.000524339	1584
0.000527972	3397
0.000536886	1783
0.000538328	805
0.000542164	122
0.000543394	3291
0.000543439	3521
0.000544366	1086
0.000544855	1431
0.000545723	637
0.000546404	3101
0.000546806	412
0.000548248	1730
0.000549546	2951
0.00054995	252
0.000550524	1663
0.000554049	1352
0.000554707	2543
0.000559842	705
0.000568249	26
0.00056834	21
0.000574466	3604
0.000578441	1800
0.000589938	1888
0.000590261	277
0.000597958	3938
0.000598402	917
0.000598756	3545
0.000600954	119
0.000605415	563
0.000611022	2313
0.000612188	271
0.000615355	713
0.000630763	3596
0.000633943	67
0.000636616	428
0.000640587	475
0.000646288	322
0.000648254	828
0.000657982	25
0.000660143	56
0.000685128	2047
0.000736428	376
0.000973282	3830
0.00106017	483
0.00107392	698
0.00147986	414
0.00178041	3980
0.00182594	686
0.00192387	348
0.00317186	1912
0.00522058	1684
0.00570467	107
0.00625215	3437
